#number_of_masks
16
#size_x
5
#size_y
5
#masks
0
-1 0 1 0 0
-1 0 1 0 0
-1 0 1 0 0
-1 0 1 0 0
-1 0 1 0 0
1
-1 -1 -1 -1 -1
0 0 0 0 0
1 1 1 1 1
0 0 0 0 0
0 0 0 0 0
2
0 0 1 0 -1
0 0 1 0 -1
0 0 1 0 -1
0 0 1 0 -1
0 0 1 0 -1
3
0 0 0 0 0
0 0 0 0 0
1 1 1 1 1
0 0 0 0 0
-1 -1 -1 -1 -1
4
0 0 -2 0 1
0 -1 0 1 0
-2 0 1 0 0
0 1 0 0 0
1 0 0 0 0
5
1 0 -2 0 0
0 1 0 -1 0
0 0 1 0 -2
0 0 0 1 0
0 0 0 0 1
6
0 0 0 0 1
0 0 0 1 0
0 0 1 0 -2
0 1 0 -1 0
1 0 -2 0 0
7
1 0 0 0 0
0 1 0 0 0
-2 0 1 0 0
0 -1 0 1 0
0 0 -2 0 1
8
-1 -1 -1 -1 0
0 0 0 0 -8
2 2 2 2 -8
0 0 0 0 -8
-1 -1 -1 -1 0
9
-1 0 2 0 -1
-1 0 2 0 -1
-1 0 2 0 -1
-1 0 2 0 -1
0 -8 -8 -8 0
10
0 -1 -1 -1 -1
-8 0 0 0 0
-8 2 2 2 2
-8 0 0 0 0
0 -1 -1 -1 -1
11
0 -8 -8 -8 0
-1 0 2 0 -1
-1 0 2 0 -1
-1 0 2 0 -1
-1 0 2 0 -1
12
-8 -8 -1 0 0
-8 2 0 -1 0
-1 0 2 0 -2
0 -1 0 2 0
0 0 -2 0 2
13
0 0 -1 -8 -8
0 -1 0 2 -8
-2 0 2 0 -1
0 2 0 -1 0
2 0 -2 0 0
14
2 0 -2 0 0
0 2 0 -1 0
-2 0 2 0 -1
0 -1 0 2 -8
0 0 -1 -8 -8
15
0 0 -2 0 2
0 -1 0 2 0
-1 0 2 0 -2
-8 2 0 -1 0
-8 -8 -1 0 0